Prediction Summary - 2025-11-13 12:40:15
Model                           Latency(ms) Throughput(img/s)   FLOPs(G)  ModelSize(MB)   PeakGPU_MB   PeakCPU_MB    TestAcc   TestF1 TestPrec  TestRec     W-F1     W-Prec W-Rec               
------------------------------------------------------------------------------------------------------------------------------------------------------
best_lenet_ablation_lenet_preset_manual_lr0.0001_bs64_drop0.5_20251113_114910        0.532        120219.92      0.007           2.38         30.2       1175.3     0.0071   0.0003   0.0002   0.0233   0.0001     0.0001 0.0071              
best_lenet_tuned_lr0.0002_bs64_drop0.4_wd1e-05_presetbalanced        0.559        114488.01      0.007           2.38         30.2       1303.0     0.9146   0.8774   0.8936   0.8780   0.9138     0.9186 0.9146              
best_lenet_basic                      0.559        114399.70      0.007           2.38         30.2       1345.2     0.9635   0.9412   0.9472   0.9432   0.9629     0.9651 0.9635              
best_lenet_ablation_lenet_preset_manual_lr0.0001_bs64_drop0.5_20251113_114915        0.537        119225.16      0.007           2.38         30.2       1372.1     0.0447   0.0027   0.0015   0.0196   0.0058     0.0032 0.0447              
best_minivgg_basic                    2.244         28516.31      0.060          18.34         64.3       1391.9     0.9819   0.9737   0.9778   0.9715   0.9818     0.9824 0.9819              
best_lenet_ablation_lenet_preset_manual_lr0.0001_bs64_drop0.5_20251113_114918        0.535        119653.50      0.007           2.38         30.2       1347.3     0.0095   0.0004   0.0002   0.0233   0.0002     0.0001 0.0095              
best_mobilenetv2_025_basic            1.444         44332.93      0.002           0.21         25.9       1367.7     0.9083   0.8630   0.8704   0.8654   0.9079     0.9113 0.9083              
best_mobilenetv4_small_basic          3.391         18870.72      0.011           6.33         25.3       1407.9     0.9513   0.9253   0.9293   0.9258   0.9508     0.9523 0.9513              
