Training Summary - 2025-11-14 18:01:23
Model                Augmentation     Parameters Time(mins)  BestVal(%) FinalTrain(%) FinalVal(%)   FLOPs(G) Throughput(img/s)   PeakGPU_MB   PeakCPU_MB
------------------------------------------------------------------------------------------------------------------------------------------
mobilenetv2_025      none                 53,979       2.52       97.76         99.42       97.68      0.002        49632.88         35.7       1374.8
mobilenetv2_025      basic                53,979       2.46       98.04         99.50       97.81      0.002        52913.08         36.5       1379.9
mobilenetv2_025      advanced             53,979       2.29       98.52         99.55       98.39      0.002        53057.20         37.3       1382.3
lenet                none                624,715       1.77       99.67         99.76       99.64      0.007       120488.65         48.1       1421.6
lenet                basic               624,715       1.75       99.85         99.71       99.82      0.007       120619.13         41.0       1421.6
lenet                advanced            624,715       1.77       99.80         99.74       99.77      0.007       127583.39         48.7       1421.6
minivgg              none              4,806,731       2.58       99.80         99.91       99.77      0.060        33926.48         74.7       1442.5
minivgg              basic             4,806,731       2.63       99.95         99.85       99.90      0.060        33216.21        130.1       1459.9
minivgg              advanced          4,806,731       2.66       99.87         99.87       99.87      0.060        33714.75        129.7       1459.9
mobilenetv4_small    none              1,658,507       3.78       99.46        100.00       99.46      0.011        23660.33         55.4       1467.2
mobilenetv4_small    basic             1,658,507       3.77       99.57        100.00       99.44      0.011        23664.11         33.9       1467.4
mobilenetv4_small    advanced          1,658,507       3.92       99.52         99.99       99.49      0.011        23421.56         52.6       1466.9
